-1.024915780673112096e+02 0.000000000000000000e+00 -9.722273104779190775e-05 0.000000000000000000e+00 -1.024914113997722751e+02 0.000000000000000000e+00 -9.722273104779190775e-05 0.000000000000000000e+00 -9.985091146932212780e+01
-1.023735357828576156e+02 1.650008635496811107e-02 1.307923511824366503e-01 1.650008635496811107e-02 -1.015286563610907251e+02 -2.410984840369456705e-01 1.307923511824366503e-01 -2.410984840369456705e-01 -9.961354911594973771e+01
-1.020438951687592919e+02 3.409740067461844437e-02 2.640569375258028373e-01 3.409740067461844437e-02 -1.003789558995658524e+02 -4.847803149274469980e-01 2.640569375258028373e-01 -4.847803149274469980e-01 -9.924344995677394365e+01
-1.014864755847775513e+02 5.404194950099404371e-02 4.023076610757628790e-01 5.404194950099404371e-02 -9.902919883546778124e+01 -7.394622033879271195e-01 4.023076610757628790e-01 -7.394622033879271195e-01 -9.864333570490066450e+01
-1.007811107820642604e+02 8.644489686306526532e-02 5.395722683536668951e-01 8.644489686306526532e-02 -9.754871886499516620e+01 -1.003463585067416730e+00 5.395722683536668951e-01 -1.003463585067416730e+00 -9.790535962040161166e+01
-9.979918897640470732e+01 1.181811740693801960e-01 6.640729199411534722e-01 1.181811740693801960e-01 -9.582144593623850426e+01 -1.263506612697103737e+00 6.640729199411534722e-01 -1.263506612697103737e+00 -9.689231265184520225e+01
-9.863862734692564516e+01 1.664869824385545316e-01 7.799763043116997308e-01 1.664869824385545316e-01 -9.393493606298716259e+01 -1.511438465830551303e+00 7.799763043116997308e-01 -1.511438465830551303e+00 -9.570305642774545163e+01
-9.734027332962870105e+01 2.347790065188392061e-01 8.958102438743547058e-01 2.347790065188392061e-01 -9.194742566113872329e+01 -1.748078593200876885e+00 8.958102438743547058e-01 -1.748078593200876885e+00 -9.438175784592122852e+01
-9.590222413677764735e+01 3.025015831744153894e-01 9.940746470405157353e-01 3.025015831744153894e-01 -8.983401182258339190e+01 -1.991760424091377990e+00 9.940746470405157353e-01 -1.991760424091377990e+00 -9.289752785582247441e+01
-9.437700782106145425e+01 3.835992298298521175e-01 1.083227891411340904e+00 3.835992298298521175e-01 -8.766297268243990004e+01 -2.217164381544894258e+00 1.083227891411340904e+00 -2.217164381544894258e+00 -9.130915843180996205e+01
-9.278070779998776629e+01 4.693219006908480595e-01 1.154644931846733114e+00 4.693219006908480595e-01 -8.545916948193327300e+01 -2.433429402279918552e+00 1.154644931846733114e+00 -2.433429402279918552e+00 -8.963713579221160899e+01
-8.600020009125266540e+01 8.490322212787884126e-01 1.280423367899419462e+00 8.490322212787884126e-01 -7.679941582685225399e+01 -3.105224584858582215e+00 1.280423367899419462e+00 -3.105224584858582215e+00 -8.232615308495661566e+01
-7.840006309289994135e+01 1.297215122447531011e+00 9.062686319427815107e-01 1.297215122447531011e+00 -6.804173110368293464e+01 -3.381587142342719954e+00 9.062686319427815107e-01 -3.381587142342719954e+00 -7.320623035486480035e+01
-7.375923324906463563e+01 1.513049585373628991e+00 3.912520476594711499e-02 1.513049585373628991e+00 -6.360911068286726788e+01 -3.013293548172106373e+00 3.912520476594711499e-02 -3.013293548172106373e+00 -6.659168184802827284e+01
-6.913740350466839857e+01 1.399298990047712410e+00 -1.740106329254957673e+00 1.399298990047712410e+00 -6.067795645346897260e+01 -1.554994249339962220e+00 -1.740106329254957673e+00 -1.554994249339962220e+00 -5.898060034795188500e+01
-6.618970752203038899e+01 1.108769691753753728e+00 -2.955959914777065656e+00 1.108769691753753728e+00 -5.929893534732551785e+01 -1.817509512130578431e-01 -2.955959914777065656e+00 -1.817509512130578431e-01 -5.441947925461420255e+01
-6.301506590720368450e+01 6.884341585494144766e-01 -4.090382518565857772e+00 6.884341585494144766e-01 -5.802562312775416586e+01 1.364243251024194192e+00 -4.090382518565857772e+00 1.364243251024194192e+00 -5.008847047670506214e+01
-5.945050558502902049e+01 6.919480658287133212e-02 -5.337972381294279423e+00 6.919480658287133212e-02 -5.725132740872796688e+01 3.209127906425515597e+00 -5.337972381294279423e+00 3.209127906425515597e+00 -4.566940568238977249e+01
-5.817023499570696998e+01 -7.726845994831152975e-01 -6.540381452008635854e+00 -7.726845994831152975e-01 -5.925662957035814316e+01 4.938234178110494810e+00 -6.540381452008635854e+00 4.938234178110494810e+00 -4.368461751701067897e+01
-6.158255841002236508e+01 -2.500971422434977054e+00 -6.718965719981850881e+00 -2.500971422434977054e+00 -6.724501860066943948e+01 6.560714891759203304e+00 -6.718965719981850881e+00 6.560714891759203304e+00 -4.745470669262036978e+01
-6.174269813701965859e+01 -2.649736089899677349e+00 -6.457547685155916817e+00 -2.649736089899677349e+00 -6.763872899452826459e+01 6.537381436307732052e+00 -6.457547685155916817e+00 6.537381436307732052e+00 -4.792482026412118756e+01
-5.953918660470618818e+01 -3.500101651489978316e+00 -1.148353232251783318e+00 -3.500101651489978316e+00 -6.602084552716195276e+01 4.593760153046589245e+00 -1.148353232251783318e+00 4.593760153046589245e+00 -5.166093703971046835e+01
-5.819508234797046242e+01 -3.507615579703814657e+00 9.314770972073160848e-01 -3.507615579703814657e+00 -6.504357652363113118e+01 3.763366918205820699e+00 9.314770972073160848e-01 3.763366918205820699e+00 -5.266902564898344252e+01
-5.800224800541796100e+01 -3.174086056363575548e+00 5.652182359079164442e+00 -3.174086056363575548e+00 -6.781636881311416687e+01 1.882523741278394835e+00 5.652182359079164442e+00 1.882523741278394835e+00 -5.837702774464561628e+01
-6.578012204508762295e+01 -2.244803415085623755e+00 4.661343840086383139e+00 -2.244803415085623755e+00 -7.238035103253696434e+01 2.051857960840491657e+00 4.661343840086383139e+00 2.051857960840491657e+00 -6.613488779068102019e+01
-7.256893535284652330e+01 -2.566457876276454275e+00 4.426412054990183087e-01 -2.566457876276454275e+00 -7.267378312380077432e+01 2.841487093449079016e+00 4.426412054990183087e-01 2.841487093449079016e+00 -7.054159140919165338e+01
-7.005876943784674893e+01 -3.361892594824753111e+00 -3.354781446496686304e+00 -3.361892594824753111e+00 -7.048481333425975492e+01 3.175349951867196374e+00 -3.354781446496686304e+00 3.175349951867196374e+00 -6.819169022184337337e+01
-6.356167987907753059e+01 -2.920751397176186703e+00 -4.432189863006737340e+00 -2.920751397176186703e+00 -6.555567642598300893e+01 1.711495068403750430e+00 -4.432189863006737340e+00 1.711495068403750430e+00 -6.227300646800062367e+01
-6.035585754550763937e+01 -1.553674797990027834e+00 -3.002099045140032008e+00 -1.553674797990027834e+00 -6.354155477375063299e+01 -1.304923496123463034e+00 -3.002099045140032008e+00 -1.304923496123463034e+00 -5.922037938063889584e+01
-6.021699570764823051e+01 -1.791912155941852713e+00 -9.314076523994248014e-01 -1.791912155941852713e+00 -6.389779274927132491e+01 -2.416595980847072500e+00 -9.314076523994248014e-01 -2.416595980847072500e+00 -6.054987244979430017e+01
-6.329520626223711588e+01 -2.978987813073813662e+00 1.360673787898582621e+00 -2.978987813073813662e+00 -6.523906365784507955e+01 -1.785648234270059254e+00 1.360673787898582621e+00 -1.785648234270059254e+00 -6.498552066423401641e+01
-6.891766624353880388e+01 -2.765681141154958222e+00 2.987265634174454121e+00 -2.765681141154958222e+00 -6.957229466960674813e+01 -1.059963880767762268e+00 2.987265634174454121e+00 -1.059963880767762268e+00 -6.913743128259154958e+01
-7.309735478505285755e+01 -5.785169166190966550e-01 2.506138116142088812e+00 -5.785169166190966550e-01 -7.231908682301528302e+01 -1.012630299709065707e+00 2.506138116142088812e+00 -1.012630299709065707e+00 -6.786157738305138309e+01
-7.724829317609990653e+01 1.057449978722097894e+00 1.395354524959487863e+00 1.057449978722097894e+00 -6.901176395823148368e+01 -1.419257427835666219e+00 1.395354524959487863e+00 -1.419257427835666219e+00 -6.305032998065087924e+01
-8.118616100757493825e+01 1.115047502387125578e+00 1.350687624523816410e+00 1.115047502387125578e+00 -7.136751239840423011e+01 -1.216145253715250618e+00 1.350687624523816410e+00 -1.216145253715250618e+00 -6.153098869568229645e+01
-6.974058721705047503e+01 -2.423901574637234990e-01 -2.460721211781191187e+00 -2.423901574637234990e-01 -8.001202986263390926e+01 1.280937259477815005e+00 -2.460721211781191187e+00 1.280937259477815005e+00 -7.430474999297379668e+01
-6.550881506961796674e+01 -1.210756336622887286e+00 -3.663908064343929460e+00 -1.210756336622887286e+00 -6.418547481044173253e+01 1.754509182411609247e+00 -3.663908064343929460e+00 1.754509182411609247e+00 -6.997710234376658889e+01
-7.083800962719479344e+01 -1.328034728189680935e+00 -4.190938600392430935e+00 -1.328034728189680935e+00 -5.768980192575350685e+01 1.019908115576071861e+00 -4.190938600392430935e+00 1.019908115576071861e+00 -6.395469582485743842e+01
-7.399615115566652435e+01 -1.000699681713344003e+00 -1.915593358796222168e+00 -1.000699681713344003e+00 -5.934514392249636927e+01 8.017403071048269103e-01 -1.915593358796222168e+00 8.017403071048269103e-01 -6.226860366718032225e+01
-7.438159761738629072e+01 -7.074481469500469855e-01 5.704196520189734609e-02 -7.074481469500469855e-01 -6.619877701394099745e+01 1.050352719355609032e+00 5.704196520189734609e-02 1.050352719355609032e+00 -6.839063570749030418e+01
-7.191337636635284980e+01 3.036265890622541486e-01 2.559041170793665554e-01 3.036265890622541486e-01 -7.451969556235889058e+01 1.058130537839432339e+00 2.559041170793665554e-01 1.058130537839432339e+00 -7.473350223689456584e+01
-7.045671596498692679e+01 3.564185320212051256e+00 -1.319451349934318849e-03 3.564185320212051256e+00 -7.949027713198515244e+01 1.015408092024717046e+00 -1.319451349934318849e-03 1.015408092024717046e+00 -7.530921358327485393e+01
-7.180587580373713763e+01 7.198357117816934547e+00 -4.541690436089707884e-03 7.198357117816934547e+00 -7.728148779427193915e+01 1.578383260637745256e+00 -4.541690436089707884e-03 1.578383260637745256e+00 -7.038275724458272009e+01
-7.622566282405449556e+01 8.284571135967601307e+00 -5.596973736805598287e-01 8.284571135967601307e+00 -6.979610139647876110e+01 1.305854056549206055e+00 -5.596973736805598287e-01 1.305854056549206055e+00 -6.405700191584287495e+01
-8.089854839121241525e+01 7.576192428591810746e+00 -2.137525075855174705e+00 7.576192428591810746e+00 -6.906584757461722290e+01 1.450840926464620484e-01 -2.137525075855174705e+00 1.450840926464620484e-01 -6.230850665379465170e+01
-7.934110968463467373e+01 5.320763957898821062e+00 -2.592819125351983889e+00 5.320763957898821062e+00 -7.145513785700143217e+01 3.355295338075081069e-01 -2.592819125351983889e+00 3.355295338075081069e-01 -6.055308079991888093e+01
-7.194336263440028745e+01 1.570272107076043699e+00 -1.725717365059884711e+00 1.570272107076043699e+00 -7.135473455375223750e+01 1.930662882108629796e+00 -1.725717365059884711e+00 1.930662882108629796e+00 -5.992463306642594745e+01
-6.223042291180169627e+01 -1.211631341202317635e+00 -7.605317581021412421e-01 -1.211631341202317635e+00 -7.400310952541722997e+01 4.058215683550616681e+00 -7.605317581021412421e-01 4.058215683550616681e+00 -6.234534017990018384e+01
-5.733336950477072236e+01 -1.606841742911591542e+00 -3.896825950011282291e-01 -1.606841742911591542e+00 -7.613687069268470964e+01 4.066840728690714002e+00 -3.896825950011282291e-01 4.066840728690714002e+00 -6.671204358906544485e+01
-6.032827406781321855e+01 -6.265310567951275500e-01 -1.014310864060034678e+00 -6.265310567951275500e-01 -7.481522488682102789e+01 6.738785268154022789e-01 -1.014310864060034678e+00 6.738785268154022789e-01 -6.883959639050743817e+01
-6.668373788536895574e+01 -3.927798334330793312e-02 -1.189103445522386338e+00 -3.927798334330793312e-02 -7.476257183347784974e+01 -3.396753888386175646e+00 -1.189103445522386338e+00 -3.396753888386175646e+00 -6.420021099867626901e+01
-7.290415932949932198e+01 5.732252222577810530e-01 7.563095137823515612e-01 5.732252222577810530e-01 -7.502242041564545616e+01 -6.807938407852159202e+00 7.563095137823515612e-01 -6.807938407852159202e+00 -5.690857561489976746e+01
-7.896888551433741554e+01 -2.202789306311399298e-02 3.242308635635968717e+00 -2.202789306311399298e-02 -7.817795081934046664e+01 -7.544789486463374217e+00 3.242308635635968717e+00 -7.544789486463374217e+00 -5.799909521113968935e+01
-6.936369635566292402e+01 -3.886728674943890294e+00 -1.208061878076705786e-01 -3.886728674943890294e+00 -7.153641606015739285e+01 -2.370109626444649287e+00 -1.208061878076705786e-01 -2.370109626444649287e+00 -6.884738809795283032e+01
-6.697729497728697368e+01 -1.989496523354122415e+00 2.476207403940946961e+00 -1.989496523354122415e+00 -7.449561210298219294e+01 9.832968128557890708e-01 2.476207403940946961e+00 9.832968128557890708e-01 -7.187765395717356398e+01
-8.400257852537527015e+01 -1.588869426629328396e+00 -1.027977602253038691e+00 -1.588869426629328396e+00 -7.151448538982533876e+01 -1.794328835256469024e+00 -1.027977602253038691e+00 -1.794328835256469024e+00 -6.573621903753875984e+01
-8.454897027386385844e+01 -5.908405922274831745e+00 -1.119644748669528012e+00 -5.908405922274831745e+00 -7.164372217731100534e+01 -4.592343478965607240e+00 -1.119644748669528012e+00 -4.592343478965607240e+00 -6.134364049295320598e+01
-7.915608093848915416e+01 -6.827827400832221727e+00 -7.770596223802659352e-01 -6.827827400832221727e+00 -7.161087478317841715e+01 -4.302911408636330926e+00 -7.770596223802659352e-01 -4.302911408636330926e+00 -5.869937665391536541e+01
-7.036592382314988470e+01 -2.419026549123266978e+00 -3.100016224266736314e-02 -2.419026549123266978e+00 -7.230251729185242482e+01 6.409755768365137107e-02 -3.100016224266736314e-02 6.409755768365137107e-02 -6.311733033130438741e+01
-6.836266333887169822e+01 6.139059907204929001e-01 -5.367666981148591088e-01 6.139059907204929001e-01 -6.909436161273738719e+01 3.157974860932798666e+00 -5.367666981148591088e-01 3.157974860932798666e+00 -6.795450842497149324e+01
-7.512526817613243679e+01 7.485733621832628693e-01 -1.692675525465213715e+00 7.485733621832628693e-01 -7.471321046402873378e+01 5.124304596374390286e+00 -1.692675525465213715e+00 5.124304596374390286e+00 -7.473694669936597279e+01
-7.561110405213982233e+01 5.642807310013842059e-01 -7.250454612696972667e-01 5.642807310013842059e-01 -7.411788790389995540e+01 -5.597473739422415662e+00 -7.250454612696972667e-01 -5.597473739422415662e+00 -6.431432270700321396e+01
-7.530144965375261279e+01 6.949522482180900518e+00 2.963348842336697153e-01 6.949522482180900518e+00 -7.268178316566985586e+01 -3.580893740990693352e+00 2.963348842336697153e-01 -3.580893740990693352e+00 -6.551928734664797105e+01
-7.828307636952628457e+01 9.127644992729317508e+00 -8.808379432929946962e-01 9.127644992729317508e+00 -7.662101211537955692e+01 -1.789259364280405773e+00 -8.808379432929946962e-01 -1.789259364280405773e+00 -6.933768233062684772e+01
-7.455422352084242732e+01 7.342524538999232853e+00 -1.270214981139401234e+00 7.342524538999232853e+00 -7.871943976439193591e+01 -6.985869894631195898e-01 -1.270214981139401234e+00 -6.985869894631195898e-01 -6.881365181027923938e+01
-7.032950696589168160e+01 3.741602915412693520e+00 1.225770304088982021e+00 3.741602915412693520e+00 -7.239971224497705293e+01 6.709340669608119256e-01 1.225770304088982021e+00 6.709340669608119256e-01 -6.455374062668920487e+01
-7.186884835553294693e+01 -9.377826857638442426e-02 -1.334395872592522236e+00 -9.377826857638442426e-02 -7.858023070249306841e+01 1.929593432067104319e-01 -1.334395872592522236e+00 1.929593432067104319e-01 -7.294878456305023917e+01
-7.136399849112493143e+01 2.093510956613681362e+00 -2.996890684548185746e+00 2.093510956613681362e+00 -7.730629347965070508e+01 4.296091928501407864e+00 -2.996890684548185746e+00 4.296091928501407864e+00 -6.970429536044649410e+01
-6.899704165895853691e+01 3.913645482482550619e+00 -3.437017988001539681e+00 3.913645482482550619e+00 -7.188258453853384822e+01 6.244185457390749150e+00 -3.437017988001539681e+00 6.244185457390749150e+00 -6.389254272179474015e+01
-6.790493872109870210e+01 -4.714996898663185831e+00 3.966854094288849275e+00 -4.714996898663185831e+00 -7.576059094560659446e+01 -4.050854533914140632e+00 3.966854094288849275e+00 -4.050854533914140632e+00 -7.117515028054538107e+01
-6.835851053935979849e+01 -2.424873801947712848e-01 -4.164494017547431426e+00 -2.424873801947712848e-01 -7.287999253635314290e+01 -1.640425252007814694e-01 -4.164494017547431426e+00 -1.640425252007814694e-01 -6.984137941122388327e+01
-7.393140081678870956e+01 9.500605277990225028e-01 -1.155478269541428515e+00 9.500605277990225028e-01 -7.532283865458312277e+01 -8.242820917463363761e-01 -1.155478269541428515e+00 -8.242820917463363761e-01 -7.080859280657205090e+01
-7.335131444751125684e+01 2.765847808693897569e-01 2.539304956390963763e+00 2.765847808693897569e-01 -7.035575710327459831e+01 4.231966592894599588e-02 2.539304956390963763e+00 4.231966592894599588e-02 -6.601301215283181989e+01
-7.818153417142765704e+01 -1.857093052628608021e+00 4.644843753731414893e+00 -1.857093052628608021e+00 -6.426139187442849732e+01 1.772578721424920456e+00 4.644843753731414893e+00 1.772578721424920456e+00 -6.537361991761522972e+01
-8.113534129716009602e+01 -4.017187691048448528e+00 4.827025262753398493e+00 -4.017187691048448528e+00 -6.295487114772352299e+01 2.828028689679749075e+00 4.827025262753398493e+00 2.828028689679749075e+00 -6.393412627276004656e+01
-8.051831029008450002e+01 -3.559004737543361774e+00 2.656250012879879385e+00 -3.559004737543361774e+00 -6.733772741920429894e+01 2.224983866913452513e+00 2.656250012879879385e+00 2.224983866913452513e+00 -6.189467115460892899e+01
-7.537246391430223014e+01 -2.396956989175418329e-01 -2.016732777009082156e+00 -2.396956989175418329e-01 -7.217701663503129339e+01 -9.442827197824681384e-01 -2.016732777009082156e+00 -9.442827197824681384e-01 -6.147716896956656285e+01
-6.298387129949892227e+01 9.036158402813344592e-01 -6.469894971998986222e+00 9.036158402813344592e-01 -7.012583923330814173e+01 -2.684194603575330351e+00 -6.469894971998986222e+00 -2.684194603575330351e+00 -5.558023532955537149e+01
-5.904078121847047811e+01 6.498922901697541388e-01 -8.718309517094956718e+00 6.498922901697541388e-01 -6.932994617902775758e+01 -3.235280821077371360e+00 -8.718309517094956718e+00 -3.235280821077371360e+00 -5.427745073351495364e+01
-7.347856511349124276e+01 -1.641397479318292607e+00 -1.981538148369781815e+00 -1.641397479318292607e+00 -7.511789313753438080e+01 -7.184204265968692216e-01 -1.981538148369781815e+00 -7.184204265968692216e-01 -6.630624979863354440e+01
-8.494304178072371769e+01 -3.141530330424143536e+00 2.909265225950969036e+00 -3.141530330424143536e+00 -7.694144434795150289e+01 1.724717359826250185e+00 2.909265225950969036e+00 1.724717359826250185e+00 -7.379958068244947356e+01
-7.154812445476787275e+01 5.991961915129619953e+00 -1.862231968412562944e-01 5.991961915129619953e+00 -6.790081369950995338e+01 -9.683245122744291722e-01 -1.862231968412562944e-01 -9.683245122744291722e-01 -6.980949035544020376e+01
-6.910447277676634315e+01 3.847006244830077915e+00 2.860876083812324833e+00 3.847006244830077915e+00 -7.387369218143105343e+01 -4.868456035141336180e+00 2.860876083812324833e+00 -4.868456035141336180e+00 -6.711269846371338588e+01
-6.813038434543695132e+01 1.320465244129531479e+00 3.197655624161875654e+00 1.320465244129531479e+00 -6.892727740495097066e+01 -3.304461738698664330e+00 3.197655624161875654e+00 -3.304461738698664330e+00 -6.304076048612346739e+01
-7.052232741948260752e+01 -2.454846181033589314e+00 2.206289324629119974e+00 -2.454846181033589314e+00 -6.789548033826390849e+01 -6.980036530768328751e-01 2.206289324629119974e+00 -6.980036530768328751e-01 -6.179890676452685483e+01
-7.328661966447974407e+01 -4.185883018377945852e+00 -7.978375089013368671e-01 -4.185883018377945852e+00 -6.981701817261561871e+01 2.138080634318304973e+00 -7.978375089013368671e-01 2.138080634318304973e+00 -6.388632046700768541e+01
-6.616751296142834349e+01 -4.267911225459125824e+00 -7.500178141874015436e-01 -4.267911225459125824e+00 -7.597668929880268252e+01 7.454483458281553343e-01 -7.500178141874015436e-01 7.454483458281553343e-01 -6.374958364026975488e+01
-7.943320738886008314e+01 2.056941320778133520e+00 -4.537384858000448329e-01 2.056941320778133520e+00 -7.541753359462366291e+01 -6.341060964399084732e+00 -4.537384858000448329e-01 -6.341060964399084732e+00 -6.510191016225981286e+01
-7.297121523599913928e+01 5.688793661799447676e+00 -6.992814375420325357e-01 5.688793661799447676e+00 -7.428587489418895018e+01 -3.933798365732600111e+00 -6.992814375420325357e-01 -3.933798365732600111e+00 -6.320271966708750000e+01
-6.854027537953443527e+01 4.941011970426146149e+00 5.038359702128142326e-01 4.941011970426146149e+00 -7.313271608123109502e+01 1.778481530095679108e-01 5.038359702128142326e-01 1.778481530095679108e-01 -6.376031980756975059e+01
-7.350950971988758909e+01 -2.351692863391882327e+00 1.639244690273662819e+00 -2.351692863391882327e+00 -7.419754109855124113e+01 1.839204070115814327e+00 1.639244690273662819e+00 1.839204070115814327e+00 -6.960510039685458139e+01
-8.117064703749201726e+01 -3.246989215687841046e+00 4.489884609402812754e-01 -3.246989215687841046e+00 -7.698023621763957181e+01 1.163617201026286629e+00 4.489884609402812754e-01 1.163617201026286629e+00 -7.163991660183856425e+01
-7.487426686249018815e+01 2.924334749263376665e+00 1.442896440441858052e+00 2.924334749263376665e+00 -7.303961837177205041e+01 -1.922787840893758871e+00 1.442896440441858052e+00 -1.922787840893758871e+00 -7.429004158266242541e+01
-8.110803559869724211e+01 -3.983145846220142783e+00 1.959163031267211252e+00 -3.983145846220142783e+00 -7.396802600847055942e+01 -1.463354880846629014e+00 1.959163031267211252e+00 -1.463354880846629014e+00 -6.536820322259971761e+01
-7.867596731465199866e+01 -4.594357378394454905e+00 3.570129795767544856e+00 -4.594357378394454905e+00 -6.605755405261329827e+01 -4.405106387929138556e+00 3.570129795767544856e+00 -4.405106387929138556e+00 -5.805215104436863527e+01
-7.639862206258851529e+01 2.199567067225244088e+00 -4.109035393965455363e+00 2.199567067225244088e+00 -7.143722109656549435e+01 -1.349854286829121230e+00 -4.109035393965455363e+00 -1.349854286829121230e+00 -6.856269216352174567e+01
-7.735308539120785554e+01 4.441578801033638335e+00 5.310180569176190524e+00 4.441578801033638335e+00 -6.829301019655675020e+01 -1.037227650664157008e-01 5.310180569176190524e+00 -1.037227650664157008e-01 -5.131497689575768817e+01
-7.653160886970032095e+01 5.471903637793402275e+00 5.149804729832068162e+00 5.471903637793402275e+00 -7.113534451666210146e+01 1.406910140992596592e+00 5.149804729832068162e+00 1.406910140992596592e+00 -6.035767699947438558e+01
-7.157087457383305207e+01 2.664250054748954710e+00 5.273222042416451094e-01 2.664250054748954710e+00 -7.608881488562393258e+01 3.437517990618356722e-01 5.273222042416451094e-01 3.437517990618356722e-01 -7.249746275656481487e+01
-7.827261798145785576e+01 4.653510465756246717e+00 9.722134215163408255e-01 4.653510465756246717e+00 -7.488008633739147513e+01 -1.009921952201305873e+00 9.722134215163408255e-01 -1.009921952201305873e+00 -7.399554004135708851e+01
-6.924015404242433647e+01 2.392929190317724331e+00 2.135011173809510387e-01 2.392929190317724331e+00 -6.917998706086733307e+01 2.726680937043215458e-01 2.135011173809510387e-01 2.726680937043215458e-01 -5.899005873078667861e+01
-7.498493410834572614e+01 8.609156168051443458e+00 9.633244861062570941e-01 8.609156168051443458e+00 -7.587493876628036560e+01 4.197744191565776717e+00 9.633244861062570941e-01 4.197744191565776717e+00 -6.699561451760870057e+01
-7.639537204557920802e+01 2.016649443239612705e+00 -1.603063945362306064e-01 2.016649443239612705e+00 -7.921538680442829161e+01 -3.890298138069502032e-02 -1.603063945362306064e-01 -3.890298138069502032e-02 -6.719318499605938655e+01
-6.986471286667534741e+01 4.518912539101368253e+00 2.379484675509972114e+00 4.518912539101368253e+00 -7.758839217826665902e+01 -9.953246535825588381e-01 2.379484675509972114e+00 -9.953246535825588381e-01 -7.124213674223730663e+01
-6.338270672018011709e+01 3.824381126419099441e+00 1.337034775292390787e+00 3.824381126419099441e+00 -8.051985196481967932e+01 -3.343753611003550841e+00 1.337034775292390787e+00 -3.343753611003550841e+00 -6.853581702286781763e+01
-6.620417981999493406e+01 1.269451088252597226e-01 3.594143810336349443e+00 1.269451088252597226e-01 -7.505814282482472777e+01 -2.075330305907744144e+00 3.594143810336349443e+00 -2.075330305907744144e+00 -6.996668562258290081e+01
-6.277052296069533810e+01 -3.378448237026034029e+00 3.433476302799084667e+00 -3.378448237026034029e+00 -7.809831151365075641e+01 -2.197261499603253565e+00 3.433476302799084667e+00 -2.197261499603253565e+00 -6.544724530294155329e+01
-6.518838283704602077e+01 -3.376031557711417719e+00 2.571124567366748215e-01 -3.376031557711417719e+00 -7.840843813673163254e+01 -1.361298791169603950e+00 2.571124567366748215e-01 -1.361298791169603950e+00 -6.416683582400372643e+01
