4.810296319818396782e-01 -5.626615782672727585e-03 0.000000000000000000e+00 -5.626615782672727585e-03 4.745323500078506007e-01 0.000000000000000000e+00 0.000000000000000000e+00 0.000000000000000000e+00 -4.405486766377150754e-01
4.585530326743619822e-01 -4.339756491484851250e-03 1.077541039393392413e-03 -4.339756491484851250e-03 5.002339707330542007e-01 -1.900425113568593086e-06 1.077541039393392413e-03 -1.900425113568593086e-06 -4.428346165600360873e-01
4.453648968541016884e-01 -4.008811032421978442e-03 3.396059677947075965e-03 -4.008811032421978442e-03 5.264451768779960794e-01 -1.012655096230121799e-04 3.396059677947075965e-03 -1.012655096230121799e-04 -4.456287844555858468e-01
4.383838209440584777e-01 -8.370829646665776252e-03 4.295748075640641594e-02 -8.370829646665776252e-03 7.814662092500869184e-01 6.179096512117311472e-03 4.295748075640641594e-02 6.179096512117311472e-03 -4.418816891102324007e-01
4.453418202634369383e-01 -9.067199706137696671e-03 5.402854300015123151e-02 -9.067199706137696671e-03 8.441370711988422926e-01 7.122793325655086757e-03 5.402854300015123151e-02 7.122793325655086757e-03 -4.331497786919886184e-01
4.616110881713957892e-01 -1.067876020244386444e-02 7.837678955519204738e-02 -1.067876020244386444e-02 9.521094525369400152e-01 9.029462693168262624e-03 7.837678955519204738e-02 9.029462693168262624e-03 -4.185838346643911967e-01
4.720791726755354523e-01 -1.117694307150077400e-02 9.258789706515603568e-02 -1.117694307150077400e-02 1.013390289259771038e+00 9.460587704646394522e-03 9.258789706515603568e-02 9.460587704646394522e-03 -4.019673319392532695e-01
4.844596278225289931e-01 -1.181059910222492966e-02 1.065505918638464389e-01 -1.181059910222492966e-02 1.065048187675396330e+00 9.091090764708271987e-03 1.065505918638464389e-01 9.091090764708271987e-03 -3.821407397079960022e-01
5.024281472713201246e-01 -1.213665775385291273e-02 1.204353692328805070e-01 -1.213665775385291273e-02 1.111985430108917150e+00 8.299970938859861647e-03 1.204353692328805070e-01 8.299970938859861647e-03 -3.554313506939971723e-01
5.262532339415256777e-01 -1.215674796219635284e-02 1.342389713006350294e-01 -1.215674796219635284e-02 1.152586655213800659e+00 7.273741377532821212e-03 1.342389713006350294e-01 7.273741377532821212e-03 -3.220810618652838464e-01
5.644031821392073711e-01 -1.348134426635366236e-02 1.460330095554417118e-01 -1.348134426635366236e-02 1.185566089656066024e+00 6.080545895513682873e-03 1.460330095554417118e-01 6.080545895513682873e-03 -2.834828848301018667e-01
6.129294514569737506e-01 -1.446060617844536350e-02 1.572767389952193506e-01 -1.446060617844536350e-02 1.212107698281467139e+00 4.291974374343698884e-03 1.572767389952193506e-01 4.291974374343698884e-03 -2.353239405378581839e-01
6.809171598948901005e-01 -1.586311991225898554e-02 1.659114562433691986e-01 -1.586311991225898554e-02 1.229740928442364156e+00 2.581320282830026121e-03 1.659114562433691986e-01 2.581320282830026121e-03 -1.799746020837767746e-01
7.759164249398626811e-01 -2.018061428098489110e-02 1.704195361020558463e-01 -2.018061428098489110e-02 1.237398827182139893e+00 1.637623469292250620e-03 1.704195361020558463e-01 1.637623469292250620e-03 -1.166527087889732139e-01
3.760796595954312149e+00 -4.089752852901883950e-01 1.268017933633353023e-02 -4.089752852901883950e-01 1.229614957406264697e+00 3.357969728885122629e-02 1.268017933633353023e-02 3.357969728885122629e-02 4.337109470790952992e-01
6.003673699669833219e+00 -9.157114248046666072e-01 -4.138908705910845226e-02 -9.157114248046666072e-01 -3.681864610776656721e-01 6.703070864858366555e-03 -4.138908705910845226e-02 6.703070864858366555e-03 5.038594388711391536e-01
7.014169098503034938e+00 -9.497075866826912849e-01 -1.314768391427140366e-02 -9.497075866826912849e-01 -2.409484658529060130e+00 -4.178220356831521104e-04 -1.314768391427140366e-02 -4.178220356831521104e-04 4.363253890567617144e-01
8.099531744685272372e+00 -4.408899386902515594e-01 -1.349301830633701160e-03 -4.408899386902515594e-01 -3.915029939874802967e+00 8.416168360089484022e-05 -1.349301830633701160e-03 8.416168360089484022e-05 1.769879482731527565e-01
8.615788471040124463e+00 -1.086513760822455377e-01 1.778254927696326605e-04 -1.086513760822455377e-01 -4.644710650737353674e+00 3.716688543536291497e-04 1.778254927696326605e-04 3.716688543536291497e-04 -3.208161932075529604e-02
8.837350075884124578e+00 5.054316334186642438e-03 -1.330297579498015139e-05 5.054316334186642438e-03 -5.026525331793721740e+00 3.157420581543248211e-04 -1.330297579498015139e-05 3.157420581543248211e-04 -1.370437272789603311e-01
8.042789394622944954e+00 -3.283198860238276118e-01 -1.751105997502489442e-04 -3.283198860238276118e-01 -8.667078772940925990e-01 -1.732101746366803644e-04 -1.751105997502489442e-04 -1.732101746366803644e-04 7.968436348011781467e-01
8.757791493397593996e+00 -1.918899960565499385e-01 1.541516256406067322e-03 -1.918899960565499385e-01 -5.407019760374763173e+00 2.916066592120037174e-03 1.541516256406067322e-03 2.916066592120037174e-03 -2.102521749931516096e-02
7.729248300239434322e+00 -7.330786709656111899e-01 3.123484418800951973e-03 -7.330786709656111899e-01 -5.008408307696769590e+00 3.691440038456023347e-03 3.123484418800951973e-03 3.691440038456023347e-03 2.856805907292929159e-01
7.687172616735725050e+00 -3.083181831928201166e-01 4.119850156914771529e-03 -3.083181831928201166e-01 -4.384388789744916082e+00 5.588064301797479594e-03 4.119850156914771529e-03 5.588064301797479594e-03 -4.556904494747237577e-01
8.986076802293398558e+00 -1.286666533783499544e-01 -5.939778692458638071e-02 -1.286666533783499544e-01 -4.609720023546328704e+00 5.760731497830282044e-03 -5.939778692458638071e-02 5.760731497830282044e-03 -1.834274030258289667e-01
9.328668066452218355e+00 -3.521053352559501415e-02 -2.999359509954729192e-02 -3.521053352559501415e-02 -5.612688381483288858e+00 9.847731449210510996e-03 -2.999359509954729192e-02 9.847731449210510996e-03 -4.241520802471471785e-01
9.563905944881362586e+00 4.569889828058950054e-01 -2.054742347683382320e-01 4.569889828058950054e-01 -4.111962578225556442e+00 2.123046341158056974e-02 -2.054742347683382320e-01 2.123046341158056974e-02 -2.144542864085537126e-01
9.619472203287694256e+00 4.987206893640497296e-01 -2.403383479446598581e-01 4.987206893640497296e-01 -3.967418958980548194e+00 2.429802103418221559e-02 -2.403383479446598581e-01 2.429802103418221559e-02 -2.310694316871819698e-01
9.415164829539087066e+00 1.201122969635738495e-02 -9.880147271861952629e-02 1.201122969635738495e-02 -5.719983125523748768e+00 2.485756048547719740e-02 -9.880147271861952629e-02 2.485756048547719740e-02 -3.572761205006683705e-01
9.450296902656422304e+00 -1.300257288238534370e-01 5.339923079825808182e-03 -1.300257288238534370e-01 -5.593883674984528653e+00 1.024416012790091979e-01 5.339923079825808182e-03 1.024416012790091979e-01 1.368917204188050407e+00
9.543586599567088768e+00 -1.701901276419179321e-01 -1.581047813661313750e-01 -1.701901276419179321e-01 -5.683927445801219669e+00 -2.793364287215970854e-01 -1.581047813661313750e-01 -2.793364287215970854e-01 2.399497381578653332e+00
