-1.495082365974333172e+01 -9.867960742181568212e-03 4.973817386702618359e-02 -9.867960742181568212e-03 -1.496636839521019979e+01 -2.101734548654382306e-01 4.973817386702618359e-02 -2.101734548654382306e-01 -1.792469007267980530e+01
-1.482142805340914116e+01 3.323071052287215887e-02 -5.098308060489602223e-02 3.323071052287215887e-02 -1.482431623704099977e+01 -2.771162398498255297e-01 -5.098308060489602223e-02 -2.771162398498255297e-01 -1.796184638911609355e+01
-1.467514321233118402e+01 8.733435735069523809e-02 -1.443012896756189489e-01 8.733435735069523809e-02 -1.464255155393374963e+01 -3.354193720733962270e-01 -1.443012896756189489e-01 -3.354193720733962270e-01 -1.805915659912625415e+01
-1.450675712696691022e+01 1.475131490593231398e-01 -2.319344246434029422e-01 1.475131490593231398e-01 -1.444769045194411028e+01 -4.069185157183871082e-01 -2.319344246434029422e-01 -4.069185157183871082e-01 -1.818446891136023069e+01
-1.430769653958152254e+01 2.228798029699630145e-01 -3.279997279156919854e-01 2.228798029699630145e-01 -1.418015169459763136e+01 -4.647651821380722192e-01 -3.279997279156919854e-01 -4.647651821380722192e-01 -1.829115741879567736e+01
-1.409135664667450172e+01 2.922543057823227541e-01 -4.101220757238387971e-01 2.922543057823227541e-01 -1.387018651562454608e+01 -5.133912393192680002e-01 -4.101220757238387971e-01 -5.133912393192680002e-01 -1.841100044076127773e+01
-1.382256468321189935e+01 3.745011442642565691e-01 -4.931656545180093665e-01 3.745011442642565691e-01 -1.352253386000701774e+01 -5.598262606418128451e-01 -4.931656545180093665e-01 -5.598262606418128451e-01 -1.851814541400061032e+01
-1.353479204168590755e+01 4.651801510506954340e-01 -5.746655489572213282e-01 4.651801510506954340e-01 -1.314539351345847606e+01 -6.070414235200894959e-01 -5.746655489572213282e-01 -6.070414235200894959e-01 -1.864025416622913767e+01
-1.320655163180089353e+01 5.573198484095682748e-01 -6.480403520872695111e-01 5.573198484095682748e-01 -1.270982554401257758e+01 -6.558915639141019716e-01 -6.480403520872695111e-01 -6.558915639141019716e-01 -1.876471164250311219e+01
-1.285588630187771919e+01 6.422639848235534021e-01 -7.165434201831203387e-01 6.422639848235534021e-01 -1.224155802425196526e+01 -6.997122810871201359e-01 -7.165434201831203387e-01 -6.997122810871201359e-01 -1.890314527175423365e+01
-7.893364368976706125e+00 9.233556268563100078e-01 -7.210997788437238931e-01 9.233556268563100078e-01 -5.573439166065004002e+00 -8.662974013706090659e-01 -7.210997788437238931e-01 -8.662974013706090659e-01 -1.922306140525202522e+01
-1.201218810748857280e+00 -7.370262857102053422e-01 8.686129279030470329e-02 -7.370262857102053422e-01 2.942527960655164421e+00 -6.821839942179128702e-01 8.686129279030470329e-02 -6.821839942179128702e-01 -1.676644544252221536e+01
2.857475932323897405e-01 -1.107958697325901687e+00 2.733068252319438285e-01 -1.107958697325901687e+00 4.720404171141835192e+00 -6.331180699893363961e-01 2.733068252319438285e-01 -6.331180699893363961e-01 -1.595138010310407672e+01
7.595225804013384874e+00 -2.345495587307548480e+00 1.226531914418877323e+00 -2.345495587307548480e+00 1.291434712228808657e+01 -4.016650092845764353e-01 1.226531914418877323e+00 -4.016650092845764353e-01 -1.146550806199866557e+01
1.409412863901082602e+01 -2.682359051196873789e+00 1.958869051416439522e+00 -2.682359051196873789e+00 1.909707684337959677e+01 -3.855725148530456670e-01 1.958869051416439522e+00 -3.855725148530456670e-01 -7.487184497922789284e+00
1.702691312959759529e+01 -2.769236942743683372e+00 2.161730754041455871e+00 -2.769236942743683372e+00 2.140069376802520651e+01 -4.894309343043998783e-01 2.161730754041455871e+00 -4.894309343043998783e-01 -5.974299135659091320e+00
2.218116729888706828e+01 -2.349719970838053396e+00 2.349802964620578472e+00 -2.349719970838053396e+00 2.492705809060656463e+01 -6.912801127826150305e-01 2.349802964620578472e+00 -6.912801127826150305e-01 -4.364941800588734822e+00
2.529002309909989776e+01 -1.046526699501151514e+00 2.513358811841917007e+00 -1.046526699501151514e+00 2.669954800460739008e+01 -6.285202144374704147e-01 2.513358811841917007e+00 -6.285202144374704147e-01 -5.451413407619003060e+00
2.551116833201509237e+01 -2.088455543450437046e-01 2.496602367150189128e+00 -2.088455543450437046e-01 2.600028388994589790e+01 -2.007536605488897674e-01 2.496602367150189128e+00 -2.007536605488897674e-01 -9.462245636309788210e+00
2.554878941363351785e+01 1.384020916137664203e+00 9.645039442320342271e-01 1.384020916137664203e+00 2.410951123709093835e+01 1.713805010377636107e+00 9.645039442320342271e-01 1.713805010377636107e+00 -1.629921534504316227e+01
2.866153762224675106e+01 2.431477146003091949e+00 1.375389562755099826e+00 2.431477146003091949e+00 2.714608775210304259e+01 1.743566580790977705e+00 1.375389562755099826e+00 1.743566580790977705e+00 -1.186537210620245730e+01
4.492380413530993621e+01 -1.218738798239812127e+00 -4.218175595572133396e+00 -1.218738798239812127e+00 4.329723388974396414e+01 4.637941548825337268e-01 -4.218175595572133396e+00 4.637941548825337268e-01 -1.087830215250196986e+01
4.590736345200963342e+01 -1.351910621678874769e+00 -4.427851087742423530e+00 -1.351910621678874769e+00 4.482000381150635349e+01 4.712884934445101259e-01 -4.427851087742423530e+00 4.712884934445101259e-01 -1.022585483056264088e+01
4.744156991700391046e+01 -1.361089734026101894e+00 -3.857492916098231639e+00 -1.361089734026101894e+00 4.771875255187975995e+01 -1.898648762816549374e-01 -3.857492916098231639e+00 -1.898648762816549374e-01 -8.867205113742764766e+00
4.850633035052573661e+01 -2.168868219338576431e+00 4.221404053712341842e+00 -2.168868219338576431e+00 4.527690948243933633e+01 -1.764107541965829862e+00 4.221404053712341842e+00 -1.764107541965829862e+00 -1.615812591475124904e+01
4.814743203737611310e+01 -2.091451618999577544e+00 4.871237071502144467e+00 -2.091451618999577544e+00 4.428827094624913485e+01 -1.685271747945659426e-01 4.871237071502144467e+00 -1.685271747945659426e-01 -1.708033622740871493e+01
4.871606393834379389e+01 -1.437618300892086864e+00 5.882931280477697866e-01 -1.437618300892086864e+00 5.438464717669506143e+01 8.754101186918162858e-01 5.882931280477697866e-01 8.754101186918162858e-01 -4.588311266875592653e-01
4.749588934766630643e+01 -7.642399470000399431e-01 5.577182185656865965e-01 -7.642399470000399431e-01 5.430630104599178054e+01 1.214199038335713604e-02 5.577182185656865965e-01 1.214199038335713604e-02 -1.193658077160861364e+00
4.694719255326104701e+01 -7.396405898597320505e-02 1.795487491138402503e-01 -7.396405898597320505e-02 5.359671250478422877e+01 -5.552450038464518123e-01 1.795487491138402503e-01 -5.552450038464518123e-01 -1.354026963133253547e+00
